id,base_pairs
16s_H.sapiens.mito_domain4,"[[14, 73], [15, 72], [16, 71], [17, 70], [18, 69], [19, 68], [22, 66], [23, 65], [24, 64], [25, 63], [26, 62], [90, 113], [91, 112], [92, 111], [93, 110], [94, 109], [95, 108], [96, 107], [97, 106], [98, 105], [99, 104]]"
srp_Pich.guil._GSP-294746,"[[2, 16], [3, 15], [4, 14], [5, 13], [6, 12], [18, 191], [19, 190], [26, 240], [27, 239], [28, 238], [29, 237], [30, 236], [31, 235], [32, 234], [33, 233], [39, 232], [40, 230], [41, 229], [42, 228], [43, 227], [44, 226], [45, 225], [46, 224], [47, 223], [48, 222], [49, 221], [51, 219], [52, 218], [53, 217], [54, 65], [59, 64], [66, 204], [67, 203], [68, 202], [69, 201], [70, 200], [82, 184], [83, 183], [84, 182], [135, 178], [136, 177], [137, 176], [138, 175], [139, 174], [146, 171], [147, 170], [148, 169], [149, 168], [154, 163], [155, 162], [156, 161]]"
RNaseP_P.cultripes,"[[4, 306], [6, 303], [7, 302], [8, 301], [9, 300], [10, 299], [11, 298], [12, 274], [38, 54], [39, 53], [40, 52], [41, 51], [42, 50], [43, 48], [55, 80], [56, 79], [57, 78], [59, 76], [60, 75], [62, 73], [63, 72], [64, 71], [65, 70], [74, 295], [77, 292], [81, 288], [97, 111], [98, 110], [99, 109], [100, 108], [101, 107], [102, 106], [112, 128], [113, 127], [114, 126], [115, 125], [116, 124], [117, 123], [129, 232], [130, 231], [131, 230], [132, 229], [133, 228], [134, 227], [135, 226], [136, 225], [137, 224], [170, 175], [218, 240], [262, 280], [263, 279], [264, 278], [265, 277], [266, 276], [267, 275]]"
grp1_a.I1.b.Phormidium.sp.N182.C3.tLEU,"[[7, 53], [8, 52], [9, 51], [10, 243], [11, 242], [12, 241], [13, 240], [14, 33], [15, 32], [16, 31], [18, 235], [19, 28], [20, 27], [21, 26], [27, 37], [29, 35], [30, 34], [49, 119], [50, 118], [54, 59], [64, 105], [66, 103], [69, 101], [70, 100], [71, 99], [72, 98], [73, 97], [74, 96], [75, 95], [76, 94], [77, 93], [80, 92], [81, 90], [82, 89], [83, 88], [84, 87], [129, 148], [131, 146], [132, 145], [133, 144], [134, 143], [135, 142], [136, 141], [177, 196], [178, 195], [179, 194], [180, 193], [184, 211], [185, 208], [186, 207], [187, 206], [188, 205], [189, 204], [190, 203], [217, 223], [249, 260], [250, 259], [251, 258], [252, 257]]"
grp1_a.I1.e.D.salina.C1.SSU.943,"[[5, 394], [6, 393], [7, 392], [8, 391], [9, 390], [10, 389], [11, 388], [16, 46], [17, 45], [18, 44], [19, 43], [20, 42], [21, 41], [22, 40], [37, 373], [38, 372], [39, 371], [50, 71], [51, 70], [52, 69], [53, 68], [54, 67], [55, 66], [56, 65], [57, 64], [58, 63], [73, 101], [74, 100], [75, 99], [76, 98], [79, 95], [80, 94], [81, 93], [82, 92], [83, 91], [86, 301], [88, 302], [89, 335], [90, 334], [96, 333], [108, 324], [113, 322], [116, 325], [117, 327], [118, 228], [119, 227], [120, 329], [121, 225], [125, 222], [126, 221], [127, 220], [128, 219], [135, 207], [138, 204], [139, 177], [142, 176], [143, 175], [144, 174], [147, 168], [148, 170], [149, 166], [150, 165], [151, 164], [152, 163], [153, 162], [154, 161], [155, 160], [173, 185], [199, 210], [200, 209], [201, 208], [229, 249], [231, 269], [232, 268], [233, 267], [237, 264], [238, 263], [239, 262], [240, 261], [242, 260], [244, 258], [245, 257], [246, 256], [247, 255], [248, 254], [251, 283], [275, 323], [278, 320], [288, 313], [289, 312], [290, 311], [291, 310], [292, 309], [293, 308], [294, 307], [295, 306], [296, 305], [297, 304], [298, 303], [344, 380], [345, 379], [346, 378], [347, 377], [349, 375], [350, 374], [356, 367], [357, 366], [358, 365], [359, 364], [382, 408], [383, 407], [384, 406], [385, 405], [386, 404], [387, 403]]"
tmRNA_Acid.ferr._TRW-920_1-341,"[[1, 337], [2, 336], [3, 335], [4, 334], [5, 333], [6, 332], [7, 331], [18, 187], [20, 310], [21, 309], [22, 308], [23, 307], [26, 304], [27, 303], [28, 302], [32, 299], [33, 298], [34, 297], [35, 51], [36, 50], [37, 49], [38, 48], [39, 47], [40, 46], [52, 62], [54, 80], [55, 79], [56, 78], [57, 77], [58, 76], [60, 74], [115, 132], [116, 131], [117, 130], [118, 129], [119, 128], [120, 127], [133, 171], [134, 170], [135, 169], [136, 168], [137, 167], [138, 164], [139, 163], [140, 162], [141, 161], [142, 160], [143, 158], [144, 157], [145, 156], [146, 155], [147, 154], [148, 153], [149, 184], [150, 183], [151, 182], [152, 181], [189, 210], [190, 209], [191, 208], [192, 207], [193, 206], [194, 205], [195, 204], [196, 203], [197, 202], [198, 225], [199, 224], [200, 223], [201, 222], [227, 268], [229, 266], [230, 265], [231, 264], [232, 263], [233, 262], [234, 261], [235, 260], [236, 259], [237, 258], [238, 255], [243, 280], [244, 279], [246, 277], [247, 276], [248, 275], [249, 274], [250, 273], [251, 272], [252, 271], [253, 270], [289, 305], [293, 301], [294, 300], [314, 330], [315, 329], [316, 328], [317, 327], [318, 326]]"
srp_Ence.cuni._AL590449,"[[2, 158], [3, 157], [10, 152], [11, 151], [12, 150], [13, 149], [14, 148], [15, 147], [17, 145], [26, 84], [27, 83], [28, 82], [29, 81], [30, 80], [31, 54], [33, 53], [34, 52], [35, 51], [36, 50], [37, 49], [38, 48], [45, 64], [67, 109], [68, 108], [126, 142], [131, 138]]"
RNaseP_H.influenza,"[[2, 372], [3, 371], [4, 370], [5, 369], [6, 368], [7, 367], [8, 366], [9, 365], [10, 364], [15, 339], [16, 338], [17, 337], [18, 336], [44, 51], [46, 63], [78, 363], [79, 362], [81, 360], [82, 359], [83, 358], [85, 357], [86, 356], [87, 355], [88, 354], [89, 353], [97, 343], [98, 342], [99, 341], [100, 340], [102, 244], [103, 243], [107, 121], [108, 120], [109, 119], [110, 118], [111, 117], [112, 116], [122, 136], [123, 134], [124, 133], [125, 132], [126, 131], [143, 236], [144, 249], [145, 248], [159, 178], [160, 177], [161, 174], [162, 173], [163, 172], [164, 171], [165, 170], [186, 204], [187, 203], [188, 202], [189, 201], [190, 200], [191, 199], [209, 222], [210, 221], [211, 220], [212, 219], [213, 218], [232, 237], [252, 299], [253, 298], [254, 297], [255, 296], [262, 290], [263, 289], [264, 288], [265, 287], [266, 286], [267, 285], [270, 284], [271, 283], [272, 282], [273, 281], [274, 280], [276, 294], [277, 293], [278, 292], [279, 291], [306, 325], [307, 324], [308, 323], [309, 322], [310, 321], [311, 320], [312, 319], [313, 318]]"
tmRNA_Laws.intr._AM180252_1-376,"[[1, 372], [2, 371], [3, 370], [4, 369], [5, 368], [6, 367], [7, 366], [20, 345], [21, 344], [22, 343], [23, 342], [35, 330], [36, 329], [37, 328], [38, 327], [39, 326], [40, 325], [41, 324], [42, 320], [43, 319], [44, 318], [45, 317], [46, 316], [47, 315], [48, 66], [49, 65], [50, 64], [51, 63], [52, 62], [53, 61], [54, 77], [55, 76], [56, 75], [57, 74], [58, 73], [59, 72], [83, 105], [84, 104], [85, 103], [86, 102], [87, 101], [88, 100], [89, 99], [90, 98], [108, 136], [109, 135], [110, 134], [111, 133], [112, 132], [113, 131], [115, 129], [116, 128], [117, 127], [118, 126], [119, 125], [120, 333], [121, 332], [122, 331], [137, 158], [139, 156], [140, 155], [141, 154], [142, 153], [143, 152], [144, 151], [145, 150], [173, 206], [174, 205], [175, 204], [176, 203], [177, 202], [178, 201], [182, 192], [183, 191], [184, 190], [209, 238], [210, 237], [211, 236], [212, 235], [216, 231], [218, 229], [221, 256], [222, 255], [223, 254], [224, 253], [225, 252], [226, 251], [227, 250], [228, 249], [230, 247], [232, 244], [233, 243], [234, 242], [257, 296], [258, 295], [259, 294], [260, 293], [261, 292], [262, 291], [263, 290], [264, 289], [265, 288], [266, 287], [267, 285], [276, 314], [279, 312], [280, 311], [281, 310], [282, 309], [283, 308], [284, 307], [349, 365], [350, 364], [351, 363], [352, 362], [353, 361]]"
16s_C.reinhardtii.mito_domain4,"[[6, 17], [7, 16], [8, 15], [9, 14], [18, 31], [19, 30], [33, 53], [34, 52], [35, 51], [36, 50], [37, 49], [39, 47]]"
tRNA_tdbR00000124-Aedes_albopictus-7160-Gly-UCC,"[[1, 66], [2, 65], [3, 64], [4, 63], [5, 62], [6, 61], [7, 60], [11, 24], [12, 23], [13, 22], [25, 41], [26, 40], [27, 39], [28, 38], [29, 37], [30, 43], [31, 42], [47, 58], [49, 56], [50, 55]]"
telomerase_AF221921.98-548,"[[1, 241], [2, 240], [3, 239], [4, 238], [5, 237], [6, 236], [7, 235], [8, 234], [9, 233], [10, 232], [11, 231], [12, 230], [13, 229], [14, 228], [15, 227], [18, 225], [19, 224], [20, 223], [21, 31], [22, 221], [23, 217], [24, 216], [25, 215], [40, 48], [77, 112], [78, 111], [79, 110], [80, 109], [81, 108], [82, 107], [83, 106], [84, 105], [85, 104], [86, 103], [92, 316], [93, 320], [94, 321], [95, 317], [99, 314], [101, 318], [102, 315], [104, 326], [113, 291], [146, 327], [147, 159], [148, 328], [149, 329], [151, 332], [176, 204], [177, 203], [242, 359], [243, 358], [244, 357], [245, 356], [246, 355], [247, 354], [248, 353], [249, 352], [251, 349], [252, 348], [253, 347], [254, 346], [271, 339], [272, 338], [273, 313], [274, 312], [275, 311], [276, 310], [277, 333], [278, 309], [279, 308], [280, 307], [281, 306], [283, 303], [284, 302], [285, 301], [286, 299], [287, 298], [288, 297], [289, 296], [290, 295], [361, 374], [362, 373], [363, 372], [364, 371], [365, 370], [401, 430], [402, 429], [403, 428], [404, 427], [405, 426]]"
tmRNA_Cyto.hutc._CP000383_1-404,"[[1, 400], [2, 399], [3, 398], [4, 397], [5, 396], [6, 395], [7, 394], [9, 373], [10, 372], [11, 371], [12, 370], [34, 47], [35, 46], [36, 45], [37, 44], [38, 43], [49, 69], [50, 68], [51, 67], [52, 66], [53, 65], [54, 64], [58, 106], [60, 104], [61, 103], [85, 280], [89, 296], [91, 295], [92, 300], [93, 297], [94, 113], [95, 112], [96, 111], [97, 110], [98, 109], [101, 105], [118, 152], [119, 151], [120, 150], [121, 149], [122, 148], [123, 147], [124, 144], [125, 143], [126, 142], [127, 141], [128, 140], [129, 139], [130, 138], [131, 137], [132, 136], [162, 176], [163, 175], [164, 174], [165, 173], [166, 172], [167, 171], [170, 376], [181, 366], [182, 365], [183, 364], [184, 363], [185, 228], [186, 227], [187, 226], [188, 225], [189, 224], [190, 223], [191, 222], [192, 221], [193, 217], [194, 216], [195, 215], [196, 214], [197, 213], [198, 212], [199, 211], [200, 210], [254, 284], [255, 283], [265, 279], [266, 278], [267, 277], [288, 319], [289, 318], [290, 317], [292, 315], [293, 314], [294, 313], [298, 310], [299, 309], [301, 338], [302, 337], [303, 336], [304, 335], [305, 334], [306, 332], [307, 331], [330, 347], [357, 384], [358, 383], [377, 393], [378, 392], [379, 391], [380, 390], [381, 389]]"
srp_Perk.mari._GSP-31276,"[[4, 22], [5, 21], [6, 20], [7, 19], [8, 18], [9, 17], [14, 281], [15, 280], [16, 279], [24, 208], [28, 203], [29, 202], [31, 200], [32, 199], [33, 198], [34, 197], [35, 196], [37, 194], [48, 265], [49, 264], [50, 263], [56, 262], [57, 261], [58, 260], [59, 259], [60, 258], [61, 257], [64, 251], [65, 250], [66, 249], [67, 248], [68, 247], [69, 246], [70, 93], [71, 92], [72, 244], [73, 87], [74, 86], [75, 85], [76, 84], [77, 83], [78, 82], [79, 238], [80, 237], [88, 228], [89, 227], [90, 226], [91, 225], [94, 219], [95, 218], [96, 217], [97, 216], [98, 120], [105, 206], [106, 205], [107, 204], [108, 118], [109, 117], [112, 147], [113, 146], [229, 236], [230, 235]]"
16s_M.polymorpha_domain2,"[[40, 69], [41, 68], [42, 67], [43, 66], [44, 65], [45, 64], [46, 191], [53, 98], [54, 97], [55, 96], [58, 181], [59, 180], [60, 179], [61, 178], [62, 177], [79, 93], [127, 169], [128, 168], [129, 167], [130, 166], [131, 165], [132, 164], [133, 163], [134, 162], [136, 269], [137, 268], [138, 267], [140, 158], [141, 157], [142, 156], [143, 155], [144, 154], [145, 153], [146, 152], [208, 244], [209, 243], [210, 242], [211, 241], [212, 240], [213, 239], [214, 238], [215, 237], [216, 236], [217, 235], [248, 258], [249, 257], [250, 256], [292, 352], [300, 343], [301, 342], [302, 341], [303, 340], [304, 339], [305, 338], [306, 337], [307, 336], [311, 335], [313, 333], [315, 331], [316, 330], [317, 329], [318, 328]]"
tRNA_tdbR00000463-Bos_taurus-9913-Val-UAC,"[[1, 66], [2, 65], [3, 64], [4, 63], [5, 62], [6, 61], [7, 60], [8, 59], [10, 22], [11, 21], [12, 20], [13, 19], [27, 37], [28, 36], [46, 58], [47, 57], [48, 56], [49, 55]]"
RNaseP_S.polymorpha,"[[9, 170], [12, 168], [13, 167], [14, 166], [15, 165], [16, 32], [17, 31], [18, 30], [19, 29], [20, 28], [21, 27], [22, 26], [33, 52], [34, 51], [35, 50], [36, 49], [37, 48], [38, 47], [39, 46], [40, 45], [54, 164], [55, 163], [56, 162], [60, 161], [61, 160], [62, 157], [63, 156], [64, 155], [77, 103], [78, 99], [79, 98], [80, 97], [81, 96], [85, 94], [86, 93], [87, 92], [113, 127], [114, 126], [115, 125], [116, 124], [128, 151], [131, 150], [132, 149], [133, 148], [134, 147], [137, 144], [138, 143], [206, 222], [207, 221], [208, 220], [209, 219], [210, 218], [211, 217], [244, 266], [246, 265], [247, 264], [248, 263], [250, 261], [251, 260], [252, 259], [253, 258], [283, 303], [284, 302], [286, 301], [287, 300], [288, 299], [289, 298], [290, 297]]"
tRNA_tdbR00000518-Saccharomyces_cerevisiae-4932-Ini-CAU,"[[2, 71], [3, 70], [4, 69], [5, 68], [6, 67], [7, 66], [9, 27], [10, 26], [11, 25], [12, 24], [13, 23], [29, 43], [49, 65], [50, 64], [51, 63], [52, 62], [53, 61]]"
srp_Rhod.balt._BX294144,"[[1, 86], [2, 85], [3, 84], [4, 83], [5, 82], [6, 81], [7, 80], [8, 79], [9, 78], [10, 26], [11, 25], [12, 24], [13, 23], [14, 22], [15, 21], [16, 20], [40, 47]]"
tRNA_tdbR00000052-Aedes_albopictus-7160-Glu-NUC,"[[1, 65], [2, 64], [3, 63], [4, 62], [5, 61], [6, 60], [7, 59], [10, 22], [11, 21], [12, 20], [13, 19], [24, 40], [25, 39], [26, 38], [27, 37], [28, 36], [29, 43], [30, 42]]"
tmRNA_Sacc.degr._CP000282_1-389,"[[1, 385], [2, 384], [3, 383], [4, 382], [5, 381], [6, 380], [7, 379], [34, 345], [36, 344], [41, 335], [42, 334], [43, 333], [44, 332], [45, 331], [46, 330], [47, 329], [48, 67], [94, 287], [95, 286], [120, 142], [124, 139], [125, 138], [126, 137], [127, 136], [128, 135], [129, 134], [146, 180], [147, 179], [150, 363], [151, 362], [153, 360], [154, 171], [155, 170], [156, 169], [157, 168], [158, 167], [159, 166], [160, 165], [161, 164], [172, 209], [173, 208], [174, 207], [175, 206], [176, 205], [177, 183], [181, 200], [182, 199], [185, 196], [186, 195], [187, 194], [188, 193], [189, 192], [236, 269], [237, 268], [238, 267], [239, 266], [248, 256], [249, 255], [271, 309], [273, 307], [274, 306], [275, 305], [276, 304], [277, 303], [278, 302], [279, 301], [281, 299], [282, 297], [283, 296], [284, 295], [285, 294], [289, 322], [290, 321], [291, 320], [292, 319], [293, 318], [323, 338], [324, 337], [325, 336], [364, 376], [365, 375], [366, 374]]"
RNaseP_SM-A2135,"[[6, 331], [7, 330], [8, 329], [10, 328], [11, 327], [12, 326], [13, 325], [14, 324], [27, 177], [28, 176], [29, 175], [30, 174], [32, 46], [33, 45], [34, 44], [35, 43], [36, 42], [37, 41], [47, 65], [48, 63], [49, 62], [50, 61], [51, 60], [66, 172], [67, 171], [71, 170], [72, 169], [73, 166], [74, 165], [75, 164], [88, 112], [89, 111], [90, 108], [91, 107], [92, 106], [93, 105], [94, 104], [95, 103], [96, 102], [97, 101], [120, 138], [121, 137], [122, 136], [123, 135], [124, 134], [125, 133], [139, 161], [140, 160], [141, 159], [143, 156], [144, 155], [145, 154], [146, 153], [147, 152], [185, 226], [186, 225], [188, 223], [189, 222], [195, 248], [196, 247], [197, 246], [198, 245], [199, 244], [200, 243], [201, 242], [202, 241], [215, 233], [216, 232], [217, 231], [218, 230], [219, 229], [220, 228], [221, 227], [261, 287], [264, 283], [265, 282], [266, 281], [267, 280], [268, 279], [269, 278], [270, 277], [271, 276]]"
tRNA_tdbR00000399-Aedes_albopictus-7160-Ser-GCU,"[[1, 63], [2, 62], [3, 61], [4, 60], [5, 59], [6, 58], [7, 57], [19, 34], [28, 39], [29, 38], [40, 56], [41, 55], [42, 54], [43, 53], [44, 52]]"
srp_Giar.lamb._GSP-184922,"[[21, 103], [47, 67], [48, 65], [50, 63], [51, 62], [52, 61], [53, 60], [54, 59], [55, 58], [66, 75], [96, 121], [97, 120], [104, 113], [105, 112], [106, 111]]"
RNaseP_S.dairensis,"[[1, 464], [2, 463], [3, 462], [4, 461], [5, 460], [6, 459], [7, 458], [8, 457], [9, 456], [10, 455], [11, 55], [13, 53], [16, 49], [18, 47], [19, 46], [20, 45], [21, 408], [22, 407], [23, 406], [28, 37], [54, 59], [79, 436], [80, 435], [81, 434], [86, 376], [94, 291], [96, 290], [107, 309], [108, 323], [113, 139], [114, 304], [123, 130], [124, 129], [126, 346], [127, 345], [128, 351], [130, 444], [131, 443], [132, 442], [133, 441], [134, 440], [135, 439], [136, 352], [139, 362], [152, 358], [153, 359], [160, 373], [163, 176], [164, 371], [166, 172], [175, 187], [190, 206], [191, 205], [192, 204], [193, 203], [194, 202], [195, 201], [217, 260], [218, 259], [219, 258], [220, 257], [221, 256], [222, 255], [223, 254], [224, 253], [232, 245], [233, 244], [234, 243], [235, 242], [236, 241], [286, 295], [287, 294], [312, 318], [313, 317], [326, 335], [327, 334], [328, 333], [331, 355], [332, 354], [337, 350], [338, 349], [340, 347], [361, 388], [384, 389], [413, 433], [414, 432], [415, 431], [416, 430], [417, 429], [418, 428], [419, 427]]"
tmRNA_Rumi.albu._TRW-246199_1-354,"[[1, 350], [2, 349], [3, 348], [4, 347], [5, 346], [6, 345], [7, 344], [20, 323], [21, 322], [22, 321], [23, 320], [24, 319], [25, 318], [26, 317], [27, 316], [50, 65], [51, 64], [52, 63], [53, 60], [54, 59], [55, 78], [56, 77], [67, 81], [68, 80], [69, 79], [112, 129], [113, 128], [114, 127], [116, 125], [117, 124], [118, 123], [122, 139], [130, 166], [131, 165], [132, 164], [133, 163], [135, 162], [136, 159], [137, 158], [145, 179], [146, 178], [147, 177], [148, 176], [149, 175], [150, 174], [182, 213], [183, 212], [184, 211], [185, 210], [186, 209], [187, 208], [188, 207], [189, 206], [190, 205], [191, 204], [236, 253], [237, 252], [238, 251], [239, 250], [240, 249], [267, 278], [268, 277], [269, 276], [270, 275], [327, 343], [328, 342], [329, 341], [330, 340], [331, 339]]"
RNaseP_CPA56,"[[4, 334], [6, 332], [7, 331], [8, 330], [10, 329], [11, 328], [12, 327], [13, 326], [14, 325], [15, 185], [16, 184], [17, 183], [18, 182], [22, 227], [23, 226], [24, 225], [25, 224], [26, 223], [27, 181], [28, 180], [29, 179], [30, 178], [31, 177], [32, 46], [33, 45], [34, 44], [35, 43], [36, 42], [47, 67], [49, 64], [50, 63], [51, 62], [52, 61], [53, 60], [54, 59], [55, 58], [71, 308], [72, 307], [73, 306], [74, 305], [75, 304], [76, 303], [77, 302], [90, 115], [91, 114], [93, 110], [94, 109], [95, 108], [96, 107], [97, 106], [98, 105], [123, 141], [124, 140], [125, 139], [126, 138], [127, 137], [128, 136], [135, 170], [143, 163], [144, 162], [145, 161], [146, 160], [148, 159], [149, 158], [150, 157], [151, 156], [190, 260], [191, 259], [192, 258], [198, 252], [199, 251], [200, 250], [201, 249], [202, 248], [203, 247], [204, 246], [205, 245], [206, 211], [213, 230], [214, 229], [215, 228], [267, 289], [269, 286], [270, 285], [271, 284], [272, 283], [273, 282], [274, 281], [275, 280]]"
tmRNA_Desu.vulg._AE017285_1-352,"[[1, 348], [2, 347], [3, 346], [4, 345], [5, 344], [6, 343], [7, 342], [20, 321], [21, 320], [22, 319], [23, 318], [24, 317], [25, 316], [34, 322], [35, 306], [36, 305], [37, 304], [38, 303], [39, 302], [40, 301], [41, 297], [42, 296], [43, 295], [44, 294], [45, 293], [46, 292], [47, 291], [48, 66], [49, 65], [50, 64], [51, 63], [52, 62], [53, 61], [54, 77], [55, 76], [56, 75], [57, 74], [58, 73], [59, 72], [81, 105], [84, 101], [85, 100], [86, 99], [87, 98], [88, 97], [89, 96], [90, 95], [128, 173], [132, 170], [133, 169], [134, 168], [135, 167], [136, 166], [139, 163], [140, 162], [141, 161], [142, 160], [143, 159], [144, 158], [145, 157], [149, 183], [150, 182], [151, 181], [152, 180], [153, 179], [154, 178], [155, 177], [164, 176], [165, 175], [186, 215], [187, 214], [188, 213], [189, 212], [190, 210], [191, 209], [194, 205], [198, 232], [199, 231], [200, 230], [201, 229], [202, 228], [203, 227], [204, 226], [249, 287], [250, 286], [251, 285], [252, 284], [253, 283], [254, 282], [255, 281], [325, 341], [326, 340], [327, 339], [328, 338], [329, 337]]"
RNaseP_M.luteus,"[[3, 325], [6, 323], [7, 322], [8, 321], [10, 320], [11, 319], [12, 318], [13, 317], [14, 316], [15, 183], [16, 182], [17, 181], [18, 180], [22, 184], [27, 179], [28, 178], [29, 177], [30, 176], [31, 175], [32, 174], [34, 37], [40, 275], [41, 274], [42, 273], [43, 272], [44, 271], [45, 270], [47, 62], [48, 59], [49, 58], [50, 57], [51, 56], [63, 173], [67, 172], [68, 171], [69, 168], [70, 167], [71, 166], [85, 112], [92, 128], [93, 127], [94, 109], [95, 108], [96, 107], [97, 106], [98, 105], [99, 104], [142, 161], [143, 160], [144, 159], [145, 158], [146, 157], [147, 156], [148, 155], [149, 154], [187, 238], [188, 237], [189, 236], [190, 235], [191, 234], [192, 233], [196, 229], [197, 228], [198, 227], [199, 226], [200, 225], [201, 224], [209, 221], [210, 220], [211, 219], [212, 218], [213, 217], [245, 264], [246, 263], [247, 262], [248, 261], [249, 260], [250, 259], [251, 258], [252, 257], [283, 308], [284, 307], [285, 306], [286, 305], [287, 304], [288, 303], [289, 302], [290, 299], [291, 300]]"
tRNA_tdbR00000167-Aedes_albopictus-7160-Ile-GAU,"[[1, 68], [2, 67], [3, 66], [4, 65], [5, 64], [6, 63], [7, 62], [8, 20], [24, 40], [25, 39], [26, 38], [27, 37], [28, 36], [29, 35], [46, 61], [47, 60], [48, 59], [49, 58]]"
RNaseP_M.capricolum,"[[1, 352], [2, 351], [3, 350], [4, 349], [5, 348], [6, 347], [7, 346], [8, 345], [9, 344], [13, 314], [14, 313], [15, 312], [16, 311], [17, 310], [18, 309], [19, 308], [35, 56], [44, 49], [47, 338], [48, 337], [50, 336], [51, 335], [52, 334], [53, 333], [54, 332], [55, 331], [57, 230], [58, 229], [59, 228], [60, 227], [61, 78], [62, 77], [63, 76], [64, 75], [65, 74], [66, 73], [93, 106], [94, 105], [107, 145], [108, 144], [109, 143], [110, 129], [111, 141], [112, 127], [113, 126], [114, 125], [115, 124], [116, 123], [117, 122], [133, 167], [134, 166], [135, 165], [136, 164], [137, 163], [138, 161], [140, 159], [142, 158], [146, 154], [147, 153], [148, 152], [171, 219], [172, 218], [173, 215], [174, 214], [175, 213], [177, 211], [183, 206], [184, 205], [189, 200], [190, 199], [191, 198], [192, 197], [235, 251], [236, 250], [237, 249], [291, 302], [292, 301]]"
tmRNA_Legi.pneu._CR628337_1-406,"[[1, 402], [2, 401], [3, 400], [4, 399], [5, 398], [6, 397], [7, 396], [18, 378], [20, 375], [21, 374], [22, 373], [23, 372], [24, 371], [25, 370], [26, 369], [27, 368], [34, 362], [35, 361], [39, 357], [40, 356], [41, 352], [42, 351], [43, 350], [44, 349], [45, 348], [46, 347], [47, 346], [48, 65], [49, 64], [51, 60], [52, 59], [87, 280], [89, 286], [92, 277], [94, 278], [100, 295], [103, 296], [112, 159], [113, 158], [114, 157], [115, 156], [116, 155], [117, 154], [118, 133], [119, 132], [121, 150], [122, 149], [123, 128], [124, 147], [125, 146], [129, 140], [130, 139], [164, 186], [165, 185], [166, 184], [167, 183], [168, 182], [169, 181], [170, 180], [188, 226], [189, 225], [190, 224], [191, 223], [192, 222], [194, 221], [195, 213], [196, 212], [197, 217], [198, 216], [199, 209], [203, 211], [204, 210], [244, 272], [245, 271], [246, 270], [247, 269], [248, 268], [250, 266], [252, 264], [253, 263], [254, 262], [255, 261], [257, 284], [258, 283], [259, 282], [260, 281], [265, 275], [288, 323], [289, 322], [290, 321], [291, 320], [292, 319], [293, 318], [297, 314], [299, 312], [300, 311], [301, 310], [303, 308], [379, 395], [380, 394], [381, 393], [382, 392], [383, 391]]"
srp_Baci.subt._X06803,"[[4, 47], [5, 46], [6, 45], [7, 44], [8, 43], [14, 39], [15, 38], [16, 37], [17, 36], [22, 31], [23, 30], [24, 29]]"
tRNA_tdbR00000593-Ascaris_suum-6253-Trp-CA,"[[1, 56], [2, 55], [3, 54], [4, 53], [5, 52], [6, 22], [7, 21], [8, 20], [9, 19], [10, 18], [11, 17], [26, 42], [27, 41], [28, 40], [29, 39], [30, 38], [31, 37]]"
RNaseP_K.polysporus,"[[14, 33], [15, 32], [16, 31], [17, 30], [18, 29], [19, 28], [20, 27], [21, 26], [34, 58], [36, 56], [37, 55], [38, 54], [39, 53], [40, 52], [41, 51], [42, 50], [43, 49], [62, 67], [70, 92], [72, 94], [74, 91], [75, 90], [76, 89], [77, 88], [78, 87], [79, 86], [80, 85], [188, 199], [194, 206], [195, 205], [196, 204], [197, 203], [240, 260], [241, 259], [242, 258], [243, 257], [244, 256], [245, 255], [246, 254], [247, 253]]"
srp_Yers.pseu._BX936398,"[[1, 99], [2, 98], [3, 97], [4, 96], [5, 95], [6, 94], [7, 93], [8, 92], [14, 84], [15, 83], [16, 82], [17, 81], [18, 80], [19, 73], [20, 72], [21, 71], [22, 75], [26, 70], [27, 69], [28, 68], [29, 67], [30, 66], [35, 64], [37, 62], [38, 61], [39, 60], [40, 59], [46, 53], [47, 52]]"
tRNA_tdbR00000592-Ascaris_suum-6253-Gln-UG,"[[1, 54], [2, 53], [3, 52], [4, 51], [5, 50], [6, 49], [8, 47], [28, 36], [29, 41], [30, 40]]"
srp_Meth.jann._L77117,"[[1, 324], [2, 323], [3, 322], [4, 321], [5, 320], [6, 319], [7, 318], [8, 317], [9, 316], [10, 315], [11, 314], [12, 313], [13, 312], [19, 37], [20, 36], [21, 35], [22, 34], [23, 33], [24, 32], [25, 302], [54, 61], [56, 59], [73, 309], [74, 308], [75, 307], [76, 306], [77, 305], [78, 304], [79, 303], [82, 300], [83, 299], [84, 298], [85, 297], [86, 296], [87, 295], [88, 294], [89, 293], [90, 292], [91, 291], [92, 290], [93, 289], [94, 288], [95, 287], [96, 286], [97, 285], [98, 284], [99, 283], [100, 282], [101, 281], [102, 280], [103, 225], [104, 275], [105, 274], [106, 273], [107, 272], [108, 271], [109, 270], [110, 269], [112, 267], [113, 123], [114, 122], [115, 121], [116, 120], [127, 135], [148, 182], [149, 181], [150, 180], [151, 179], [152, 178], [154, 175], [155, 174], [156, 173], [157, 172], [158, 171], [159, 170], [160, 167], [161, 166], [187, 231], [188, 230], [189, 229], [190, 228], [191, 227], [192, 226], [198, 223], [199, 222], [200, 221], [206, 215], [207, 214], [208, 213], [240, 245]]"
srp_Phae.nodo._GSP-321614,"[[1, 13], [2, 12], [3, 11], [17, 28], [18, 27], [20, 25], [31, 245], [37, 241], [38, 240], [39, 239], [40, 238], [41, 237], [42, 236], [43, 235], [44, 234], [47, 231], [61, 181], [73, 228], [74, 227], [75, 226], [76, 205], [77, 224], [78, 223], [79, 201], [81, 199], [83, 196], [84, 195], [85, 194], [86, 193], [87, 192], [88, 191], [89, 190], [90, 189], [91, 188], [92, 187], [93, 134], [94, 133], [95, 132], [96, 131], [97, 130], [99, 129], [100, 128], [101, 127], [102, 126], [103, 124], [104, 122], [105, 121], [106, 120], [107, 119], [108, 118], [110, 117], [111, 116], [144, 186], [145, 185], [146, 184], [147, 183], [148, 182], [152, 180], [153, 179], [155, 178], [156, 177], [157, 176], [161, 171], [162, 170], [213, 230], [214, 229]]"
tRNA_tdbR00000164-Saccharomyces_cerevisiae-4932-Ile-GAU,"[[1, 72], [2, 71], [3, 70], [4, 69], [5, 68], [6, 67], [7, 66], [10, 26], [11, 25], [12, 24], [13, 23], [49, 65], [50, 64], [51, 63], [52, 62], [53, 61]]"
RNaseP_Oscillatoria-PCC7515,"[[9, 358], [10, 357], [11, 356], [12, 317], [13, 355], [14, 354], [15, 353], [16, 352], [17, 201], [18, 200], [19, 199], [20, 198], [21, 197], [22, 196], [23, 230], [24, 229], [25, 228], [26, 227], [27, 226], [28, 225], [29, 224], [30, 223], [31, 222], [32, 195], [33, 59], [34, 58], [35, 57], [36, 192], [37, 191], [38, 52], [39, 51], [40, 50], [41, 49], [42, 48], [43, 47], [53, 66], [54, 65], [55, 64], [56, 63], [68, 190], [69, 189], [73, 188], [74, 187], [75, 184], [76, 183], [77, 182], [89, 131], [90, 130], [91, 127], [92, 126], [93, 125], [95, 123], [96, 121], [97, 120], [98, 119], [99, 118], [100, 117], [101, 116], [102, 115], [103, 114], [106, 111], [139, 157], [140, 156], [141, 155], [142, 154], [143, 153], [144, 152], [158, 180], [159, 179], [160, 177], [161, 176], [162, 175], [163, 174], [164, 173], [165, 172], [166, 171], [243, 266], [244, 265], [245, 264], [246, 263], [247, 262], [248, 261], [249, 260], [250, 259], [251, 258], [252, 257], [253, 256], [285, 300], [286, 299], [287, 307], [288, 297], [289, 305], [290, 295], [291, 303], [320, 343], [322, 341], [327, 336]]"
5s_Bacteroides-capillosus-1,"[[12, 22], [29, 49], [30, 48], [31, 47], [32, 46], [72, 102], [74, 100], [75, 99], [76, 98], [77, 94], [78, 93], [79, 92], [80, 91], [81, 90], [82, 89]]"
srp_Rick.typh._AE017197,"[[5, 88], [6, 87], [7, 86], [8, 85], [9, 84], [10, 83], [11, 82], [12, 81], [13, 80], [14, 79], [15, 78], [34, 59], [35, 58], [36, 57], [37, 56], [42, 51], [43, 50], [44, 49], [74, 89]]"
tmRNA_Thio.crun._CP000109_1-358,"[[1, 354], [2, 353], [3, 352], [4, 351], [5, 350], [6, 349], [7, 348], [20, 327], [21, 326], [22, 325], [23, 324], [24, 323], [25, 322], [26, 321], [27, 320], [36, 111], [41, 304], [42, 303], [43, 302], [44, 301], [45, 300], [46, 299], [47, 298], [48, 66], [49, 65], [50, 64], [51, 63], [52, 62], [55, 79], [56, 78], [57, 77], [92, 103], [93, 102], [94, 101], [95, 100], [116, 136], [117, 135], [118, 134], [119, 133], [120, 132], [121, 131], [122, 130], [137, 175], [138, 174], [139, 173], [140, 172], [141, 171], [142, 170], [143, 168], [144, 167], [145, 166], [146, 165], [147, 164], [149, 161], [155, 189], [156, 188], [157, 187], [158, 186], [159, 185], [160, 184], [176, 183], [193, 224], [194, 223], [195, 222], [196, 221], [197, 220], [198, 219], [199, 218], [200, 217], [201, 216], [202, 215], [203, 214], [204, 213], [205, 240], [207, 238], [208, 237], [209, 236], [210, 235], [211, 234], [241, 277], [242, 276], [243, 275], [244, 274], [245, 273], [246, 272], [247, 271], [248, 270], [249, 269], [253, 265], [255, 264], [331, 347], [332, 346], [333, 345], [334, 344], [335, 343]]"
RNaseP_C.crescentus,"[[1, 398], [2, 397], [3, 396], [4, 395], [5, 394], [6, 393], [7, 392], [8, 391], [9, 390], [10, 389], [11, 388], [12, 387], [13, 386], [14, 385], [16, 383], [19, 380], [20, 379], [23, 39], [24, 38], [25, 37], [26, 36], [27, 35], [46, 381], [50, 378], [51, 377], [52, 376], [53, 375], [54, 218], [55, 217], [56, 216], [57, 215], [58, 214], [59, 213], [69, 212], [70, 211], [71, 210], [72, 209], [73, 208], [74, 86], [75, 85], [76, 84], [77, 83], [78, 82], [87, 278], [88, 275], [89, 281], [90, 282], [92, 302], [94, 284], [96, 286], [103, 207], [108, 206], [109, 205], [110, 202], [124, 150], [125, 149], [126, 147], [127, 146], [128, 144], [129, 143], [130, 142], [131, 140], [132, 139], [133, 138], [134, 137], [156, 174], [157, 173], [158, 172], [159, 171], [160, 170], [161, 169], [163, 168], [175, 197], [176, 195], [177, 194], [180, 191], [181, 190], [183, 188], [221, 291], [222, 290], [223, 289], [224, 288], [240, 256], [241, 255], [242, 254], [243, 253], [244, 252], [245, 251], [259, 272], [260, 271], [261, 270], [262, 269], [298, 317], [299, 316], [300, 315], [301, 314], [303, 312], [304, 311], [336, 366], [337, 365], [338, 364], [339, 362], [340, 361], [341, 360], [343, 358], [344, 357], [345, 356], [346, 355], [347, 354], [348, 353]]"
grp1_a.I1.e.S.granulatum.C1.SSU.1506,"[[5, 56], [6, 55], [7, 54], [8, 53], [9, 52], [10, 51], [12, 50], [13, 49], [14, 48], [21, 399], [22, 398], [24, 395], [25, 394], [26, 393], [30, 389], [83, 101], [84, 100], [85, 99], [86, 98], [93, 119], [95, 117], [96, 116], [97, 115], [100, 112], [102, 110], [104, 108], [109, 343], [111, 344], [126, 317], [128, 318], [130, 316], [132, 315], [134, 142], [135, 141], [148, 340], [149, 341], [150, 342], [154, 256], [155, 255], [156, 254], [157, 253], [158, 252], [159, 251], [172, 213], [173, 212], [174, 211], [175, 209], [176, 208], [177, 207], [178, 206], [179, 337], [180, 336], [181, 335], [182, 334], [183, 201], [184, 200], [185, 199], [186, 198], [190, 204], [191, 203], [192, 202], [220, 239], [221, 238], [222, 237], [223, 236], [224, 235], [225, 234], [226, 233], [232, 269], [259, 276], [262, 273], [263, 272], [264, 271], [274, 287], [275, 286], [277, 284], [290, 339], [291, 338], [299, 314], [300, 313], [301, 312], [302, 311], [303, 310], [304, 309], [305, 308], [319, 325], [322, 327], [332, 374], [333, 373], [348, 361], [349, 360], [350, 358], [351, 357], [352, 356], [362, 397], [363, 396], [384, 391], [385, 390], [406, 437]]"
tmRNA_Copr.prot._TRW-351627_1-353,"[[1, 349], [2, 348], [3, 347], [4, 346], [5, 345], [6, 344], [7, 343], [14, 274], [15, 273], [16, 272], [17, 271], [20, 322], [21, 321], [22, 320], [23, 319], [24, 318], [25, 317], [26, 316], [27, 315], [28, 314], [29, 313], [37, 191], [38, 190], [39, 189], [40, 188], [41, 187], [42, 186], [43, 185], [49, 66], [50, 65], [51, 64], [52, 63], [57, 82], [67, 71], [116, 134], [117, 133], [118, 132], [119, 131], [120, 130], [121, 129], [122, 128], [123, 127], [135, 172], [136, 288], [137, 287], [138, 169], [139, 168], [142, 164], [143, 163], [144, 162], [145, 161], [146, 160], [147, 159], [153, 184], [154, 183], [155, 182], [156, 181], [157, 180], [192, 216], [193, 215], [194, 214], [195, 213], [196, 212], [197, 211], [198, 210], [199, 209], [200, 208], [201, 235], [202, 234], [203, 233], [204, 232], [205, 231], [206, 230], [207, 229], [237, 270], [238, 269], [239, 268], [240, 267], [241, 266], [242, 265], [243, 264], [244, 263], [245, 262], [246, 261], [247, 260], [248, 259], [252, 286], [253, 285], [254, 284], [255, 283], [256, 282], [257, 281], [258, 280], [326, 342], [327, 341], [328, 340], [329, 339], [330, 338]]"
tmRNA_Lept.inte._AE016823_1-350,"[[1, 346], [2, 345], [3, 344], [4, 343], [5, 342], [6, 341], [7, 340], [8, 17], [9, 16], [10, 15], [19, 227], [21, 319], [22, 318], [23, 317], [24, 316], [25, 315], [26, 314], [27, 313], [46, 293], [47, 292], [48, 291], [49, 69], [50, 68], [51, 67], [52, 66], [53, 65], [54, 64], [55, 87], [56, 86], [57, 85], [58, 84], [90, 106], [91, 105], [92, 104], [93, 103], [94, 102], [95, 101], [109, 128], [110, 127], [111, 126], [112, 125], [113, 124], [114, 123], [129, 167], [130, 166], [131, 165], [132, 164], [133, 163], [134, 162], [135, 160], [136, 159], [137, 158], [138, 157], [139, 156], [143, 152], [145, 182], [146, 181], [147, 180], [148, 179], [149, 178], [150, 177], [151, 176], [169, 223], [170, 222], [171, 221], [186, 194], [233, 268], [234, 267], [235, 266], [236, 265], [237, 264], [238, 263], [239, 262], [240, 261], [244, 254], [246, 252], [248, 281], [249, 284], [250, 283], [251, 282], [253, 280], [255, 278], [256, 277], [257, 275], [258, 274], [259, 273], [286, 297], [287, 296], [288, 295], [289, 294], [323, 339], [324, 338], [325, 337], [326, 336], [327, 335]]"
tmRNA_Ocea.ihey._BA000028_1-364,"[[1, 360], [2, 359], [3, 358], [4, 357], [5, 356], [6, 355], [7, 354], [16, 335], [20, 333], [21, 332], [22, 331], [23, 330], [24, 329], [25, 328], [26, 327], [27, 326], [34, 323], [35, 319], [36, 318], [37, 317], [38, 316], [39, 315], [40, 314], [41, 313], [43, 308], [44, 307], [45, 306], [46, 305], [47, 304], [48, 303], [54, 73], [56, 71], [57, 70], [58, 69], [92, 145], [119, 132], [120, 131], [121, 130], [122, 129], [123, 128], [140, 179], [141, 178], [142, 177], [143, 176], [146, 173], [156, 194], [157, 193], [158, 192], [159, 191], [160, 190], [161, 189], [195, 229], [196, 228], [197, 227], [199, 226], [200, 225], [201, 224], [202, 223], [203, 222], [204, 220], [205, 219], [206, 218], [207, 217], [208, 216], [211, 242], [212, 241], [213, 240], [214, 239], [215, 238], [221, 230], [243, 283], [245, 281], [246, 280], [247, 279], [248, 278], [249, 276], [250, 275], [251, 274], [252, 273], [256, 269], [257, 268], [258, 267], [260, 299], [261, 298], [262, 297], [263, 296], [264, 295], [265, 294], [266, 293], [337, 353], [338, 352], [339, 351], [340, 350], [341, 349]]"
srp_Schi.pomb._AU010514,"[[6, 71], [7, 70], [8, 69], [9, 68], [10, 67], [11, 66], [12, 65], [13, 64], [14, 63]]"
tmRNA_Myco.gall._AE015450_1-408,"[[1, 404], [2, 403], [3, 402], [4, 401], [5, 400], [6, 399], [7, 398], [16, 372], [17, 371], [18, 370], [19, 369], [20, 368], [27, 38], [28, 37], [29, 36], [30, 35], [39, 91], [40, 90], [41, 89], [42, 88], [47, 58], [48, 67], [49, 66], [50, 55], [51, 64], [70, 82], [71, 81], [72, 80], [101, 134], [102, 133], [103, 132], [106, 129], [115, 119], [120, 156], [122, 155], [123, 154], [124, 153], [125, 152], [126, 151], [130, 145], [131, 144], [146, 182], [147, 181], [148, 180], [149, 179], [150, 178], [183, 203], [184, 202], [185, 201], [186, 200], [187, 199], [188, 198], [189, 197], [190, 196], [191, 195], [247, 269], [248, 268], [249, 267], [250, 266], [251, 264], [252, 263], [253, 262], [254, 261], [255, 260], [291, 324], [292, 323], [293, 322], [294, 321], [295, 320], [296, 319], [297, 318], [298, 317], [299, 316], [301, 315], [302, 314], [305, 339], [306, 338], [307, 337], [308, 336], [309, 335], [310, 334], [311, 333], [312, 332], [313, 331], [346, 364], [347, 363], [348, 362], [349, 361], [350, 360], [351, 359], [381, 397], [382, 396], [383, 395], [384, 394], [385, 393]]"
tRNA_tdbR00000029-Asterias_amurensis-7602-Asp-QUC,"[[1, 69], [2, 68], [3, 67], [4, 66], [5, 65], [6, 64], [7, 63], [26, 40], [27, 39], [31, 56], [32, 55], [33, 54], [46, 62], [47, 61], [48, 60], [49, 59], [50, 58], [51, 57]]"
RNaseP_CPA49,"[[4, 370], [6, 368], [7, 367], [8, 366], [10, 365], [11, 364], [12, 363], [13, 362], [14, 361], [15, 208], [16, 207], [17, 206], [18, 205], [22, 340], [24, 338], [25, 239], [27, 204], [28, 203], [29, 202], [30, 201], [31, 200], [32, 46], [33, 45], [34, 44], [35, 43], [36, 42], [48, 71], [49, 70], [50, 69], [51, 68], [52, 67], [53, 66], [54, 65], [55, 64], [56, 63], [57, 62], [78, 199], [79, 198], [80, 197], [95, 139], [96, 138], [97, 135], [98, 134], [99, 133], [101, 131], [102, 130], [103, 129], [104, 128], [105, 127], [106, 126], [107, 124], [108, 123], [109, 122], [112, 119], [114, 325], [116, 323], [117, 322], [118, 321], [147, 165], [148, 164], [149, 163], [150, 162], [151, 161], [152, 160], [159, 193], [166, 188], [167, 186], [168, 185], [169, 184], [170, 183], [171, 182], [172, 181], [173, 180], [174, 179], [212, 283], [213, 282], [214, 281], [215, 280], [222, 274], [223, 273], [224, 272], [225, 271], [226, 270], [227, 269], [251, 264], [252, 263], [253, 262], [254, 261], [255, 260], [286, 312], [287, 311], [288, 310], [290, 309], [291, 308], [292, 307], [293, 306], [294, 305], [295, 304], [296, 303], [297, 302], [328, 352], [329, 351], [330, 350], [331, 349], [332, 348], [333, 347], [334, 346], [335, 345], [336, 344], [337, 343]]"
tmRNA_Woli.succ._BX571661_1-369,"[[1, 365], [2, 364], [3, 363], [4, 362], [5, 361], [6, 360], [7, 359], [21, 338], [22, 337], [23, 336], [24, 335], [25, 334], [26, 333], [27, 332], [28, 331], [29, 330], [30, 329], [31, 328], [32, 327], [35, 323], [36, 322], [37, 321], [38, 320], [39, 319], [40, 318], [41, 317], [42, 316], [43, 312], [44, 311], [45, 310], [46, 309], [47, 308], [48, 307], [113, 135], [114, 134], [115, 133], [116, 132], [117, 131], [118, 130], [119, 129], [120, 128], [151, 188], [152, 187], [153, 186], [154, 185], [155, 184], [156, 183], [157, 324], [158, 180], [159, 179], [160, 178], [161, 177], [162, 176], [163, 175], [165, 173], [205, 230], [206, 229], [207, 228], [208, 227], [209, 226], [210, 225], [211, 224], [212, 223], [214, 221], [215, 220], [216, 242], [217, 241], [218, 240], [219, 239], [246, 283], [247, 282], [248, 281], [249, 280], [250, 279], [252, 277], [253, 276], [257, 273], [258, 272], [260, 271], [342, 358], [343, 357], [344, 356], [345, 355], [346, 354]]"
tmRNA_Pseu.halo._CR954246_1-357,"[[1, 353], [2, 352], [3, 351], [4, 350], [5, 349], [6, 348], [7, 347], [20, 326], [21, 325], [22, 324], [23, 323], [24, 322], [33, 314], [34, 313], [39, 308], [40, 307], [41, 306], [42, 302], [43, 301], [44, 300], [45, 299], [46, 298], [47, 297], [48, 66], [49, 65], [50, 64], [51, 63], [52, 62], [53, 79], [54, 78], [55, 77], [56, 76], [57, 75], [58, 74], [59, 73], [114, 134], [115, 133], [116, 132], [117, 131], [118, 130], [119, 128], [120, 127], [121, 126], [135, 174], [136, 173], [137, 172], [138, 171], [139, 170], [140, 169], [150, 157], [152, 155], [201, 216], [202, 215], [203, 214], [204, 213], [205, 212], [207, 238], [208, 237], [209, 236], [210, 235], [211, 234], [245, 279], [247, 276], [248, 275], [250, 273], [252, 265], [253, 264], [254, 263], [257, 292], [258, 290], [259, 289], [260, 288], [261, 287], [262, 286], [330, 346], [331, 345], [332, 344], [333, 343], [334, 342]]"
srp_Gald.sulp._GSP-130081,"[[9, 17], [10, 16], [11, 15], [21, 221], [22, 220], [23, 219], [24, 218], [25, 217], [26, 216], [27, 215], [28, 37], [29, 36], [30, 35], [41, 299], [42, 298], [44, 296], [45, 295], [46, 294], [47, 293], [48, 292], [49, 291], [50, 290], [51, 289], [56, 285], [57, 284], [58, 283], [59, 282], [60, 281], [61, 280], [62, 279], [67, 82], [68, 81], [69, 80], [70, 271], [78, 262], [79, 261], [88, 252], [89, 251], [90, 250], [91, 249], [92, 100], [93, 99], [124, 163], [125, 162], [126, 161], [127, 160], [128, 159], [129, 158], [130, 157], [131, 156], [132, 155], [133, 154], [134, 153], [135, 152], [139, 148], [140, 147], [141, 146], [180, 206], [263, 278], [264, 277], [265, 276], [266, 275]]"
RNaseP_T.album,"[[6, 331], [7, 330], [8, 329], [10, 328], [11, 327], [12, 326], [13, 325], [14, 324], [15, 195], [16, 194], [17, 193], [18, 192], [21, 315], [24, 312], [25, 222], [26, 221], [27, 191], [28, 190], [29, 189], [30, 188], [31, 187], [32, 186], [34, 43], [35, 42], [36, 41], [45, 61], [46, 60], [47, 58], [48, 57], [49, 56], [50, 55], [62, 185], [66, 184], [67, 183], [68, 180], [69, 179], [70, 178], [81, 130], [82, 129], [83, 127], [84, 126], [91, 119], [92, 121], [93, 120], [94, 116], [95, 115], [96, 114], [97, 113], [98, 112], [99, 142], [100, 141], [103, 138], [104, 137], [111, 128], [136, 152], [139, 149], [140, 148], [153, 177], [154, 176], [155, 175], [156, 173], [157, 172], [158, 171], [159, 170], [160, 169], [161, 168], [162, 167], [248, 264], [249, 262], [250, 261], [251, 260], [252, 259], [253, 258], [274, 287], [275, 286], [276, 285], [277, 284], [278, 283], [279, 282], [309, 321], [310, 320], [311, 319]]"
tRNA_tdbR00000551-Saccharomyces_cerevisiae-4932-Tyr-GUA,"[[1, 84], [2, 83], [3, 82], [4, 81], [5, 80], [6, 79], [7, 78], [29, 47], [30, 46], [31, 45], [32, 44], [33, 43], [34, 42], [61, 77], [62, 76], [63, 75], [64, 74], [65, 73]]"
RNaseP_P.purpurea-chloroplast,"[[1, 379], [2, 378], [3, 377], [4, 376], [5, 375], [7, 372], [12, 323], [13, 322], [14, 321], [15, 320], [16, 319], [17, 318], [18, 317], [19, 316], [21, 41], [22, 40], [44, 324], [45, 370], [47, 368], [48, 367], [49, 366], [50, 235], [51, 365], [52, 364], [53, 363], [54, 362], [55, 361], [56, 227], [57, 226], [58, 225], [59, 224], [60, 74], [61, 73], [62, 72], [63, 71], [64, 70], [65, 69], [67, 251], [68, 343], [79, 87], [98, 277], [99, 284], [100, 285], [101, 278], [102, 280], [103, 283], [104, 282], [111, 214], [112, 213], [128, 156], [165, 183], [170, 178], [171, 177], [179, 212], [180, 211], [181, 210], [182, 209], [184, 206], [186, 203], [187, 202], [188, 201], [189, 200], [190, 199], [191, 198], [192, 197], [204, 217], [262, 281], [264, 279], [265, 276], [287, 306], [288, 305], [289, 304], [290, 303], [291, 302], [292, 301], [293, 300], [294, 299], [325, 352], [326, 351], [327, 350], [328, 349], [329, 348], [330, 347], [332, 346], [333, 345], [334, 344], [335, 342], [336, 341], [337, 340]]"
grp1_a.I1.e.L.dispersa.UNK.SSU.1210,"[[57, 81], [58, 80], [59, 79], [62, 74], [63, 73], [64, 72], [65, 71], [66, 70], [87, 141], [104, 147], [105, 146], [106, 145], [107, 144], [109, 142], [111, 140], [112, 139], [120, 131], [121, 130], [122, 129], [123, 128], [132, 181], [134, 180], [135, 179], [136, 178], [137, 177], [138, 176], [143, 169], [148, 166], [150, 164], [151, 162], [152, 161], [153, 160], [154, 159]]"
tmRNA_Alka.meta._TRW-293826_1-355,"[[1, 351], [2, 350], [3, 349], [4, 348], [5, 347], [6, 346], [7, 345], [20, 324], [21, 323], [22, 322], [23, 321], [24, 320], [25, 319], [26, 318], [27, 317], [28, 316], [32, 312], [33, 311], [34, 310], [35, 309], [36, 308], [37, 307], [38, 306], [39, 305], [42, 299], [43, 298], [44, 297], [45, 296], [46, 295], [47, 294], [48, 68], [49, 67], [50, 66], [51, 65], [52, 87], [53, 86], [54, 85], [55, 84], [56, 81], [57, 80], [110, 314], [111, 313], [115, 137], [116, 136], [117, 135], [119, 133], [122, 131], [123, 130], [138, 174], [139, 173], [140, 172], [141, 171], [142, 170], [143, 169], [144, 168], [146, 165], [147, 164], [148, 163], [149, 162], [150, 161], [151, 160], [152, 159], [153, 188], [154, 187], [155, 186], [156, 185], [157, 184], [158, 183], [166, 175], [190, 220], [191, 219], [192, 218], [194, 216], [195, 215], [196, 214], [197, 213], [198, 212], [199, 211], [200, 210], [201, 234], [202, 233], [203, 231], [204, 230], [205, 229], [206, 228], [207, 227], [208, 226], [209, 225], [253, 287], [254, 286], [255, 285], [256, 284], [290, 301], [291, 300], [328, 344], [329, 343], [330, 342], [331, 341], [332, 340]]"
5s_Methanothermus-fervidus-1,"[[1, 121], [2, 120], [3, 119], [5, 118], [6, 117], [7, 116], [8, 115], [9, 114], [10, 113], [11, 112], [16, 68], [17, 67], [18, 66], [19, 65], [20, 64], [21, 63], [22, 62], [23, 61], [24, 60], [25, 59], [29, 55], [30, 54], [32, 53], [71, 109], [72, 108], [73, 107], [74, 106], [75, 105], [76, 104], [77, 103], [82, 99], [83, 98], [84, 97], [85, 96], [86, 95], [87, 94], [88, 93]]"
grp1_a.I1.e.S.sclerotiorum_1837.C1.LSU.798,"[[10, 49], [11, 48], [12, 47], [17, 305], [24, 324], [50, 56], [78, 97], [80, 95], [81, 94], [82, 93], [83, 92], [84, 91], [85, 90], [89, 126], [121, 214], [122, 212], [123, 211], [132, 208], [133, 207], [134, 206], [135, 205], [136, 204], [137, 203], [138, 202], [150, 169], [151, 168], [152, 167], [153, 166], [161, 263], [162, 262], [163, 261], [164, 260], [165, 259], [170, 188], [171, 187], [172, 186], [173, 185], [174, 184], [175, 183], [176, 182], [177, 181], [225, 242], [226, 241], [227, 240], [228, 239], [229, 238], [230, 237], [231, 236], [264, 304], [265, 303], [266, 302], [267, 301], [269, 299], [277, 294], [278, 293], [279, 292], [280, 291], [281, 290], [282, 289], [283, 288], [336, 344], [337, 343], [338, 342]]"
tRNA_tdbR00000379-Enterobacteria_phage_T4-10665-Ser-NGA,"[[1, 86], [2, 85], [3, 84], [4, 83], [5, 82], [6, 81], [7, 80], [10, 26], [11, 25], [12, 24], [28, 44], [29, 43], [30, 42], [31, 41], [32, 40], [46, 61], [63, 79], [64, 78], [65, 77], [66, 76], [67, 75]]"
RNaseP_C.innocuum,"[[6, 307], [7, 306], [8, 305], [10, 304], [11, 303], [12, 302], [14, 300], [15, 193], [16, 192], [17, 191], [18, 40], [19, 189], [20, 37], [21, 36], [22, 35], [23, 34], [24, 33], [25, 32], [26, 225], [27, 224], [28, 223], [49, 68], [50, 67], [51, 66], [52, 65], [53, 64], [69, 84], [71, 82], [72, 81], [73, 80], [74, 79], [96, 116], [98, 139], [99, 138], [100, 137], [101, 136], [102, 135], [114, 123], [120, 240], [121, 239], [124, 235], [125, 234], [126, 233], [131, 181], [132, 180], [133, 177], [134, 176], [143, 169], [147, 166], [148, 165], [149, 164], [150, 163], [151, 162], [152, 161], [153, 160], [154, 159], [197, 213], [198, 212], [199, 210], [220, 244], [221, 243], [222, 242], [226, 237], [227, 236], [249, 262], [250, 261], [251, 260], [252, 259], [253, 258], [278, 293], [279, 292], [280, 291], [281, 290], [282, 289], [283, 288]]"
RNaseP_S.castellii,"[[2, 350], [3, 349], [4, 348], [5, 347], [6, 346], [19, 302], [20, 301], [21, 300], [22, 299], [23, 298], [24, 297], [25, 296], [26, 295], [48, 61], [49, 60], [50, 59], [51, 58], [52, 57], [66, 75], [67, 74], [68, 73], [84, 337], [85, 336], [86, 335], [87, 334], [88, 333], [89, 332], [114, 150], [115, 149], [116, 148], [117, 147], [118, 146], [119, 145], [120, 144], [121, 143], [122, 142], [124, 139], [125, 138], [126, 137], [127, 136], [128, 135], [129, 134], [130, 133], [151, 166], [152, 165], [153, 159], [154, 163], [155, 162], [156, 161], [174, 188], [176, 187], [193, 239], [194, 238], [195, 237], [196, 236], [197, 235], [198, 234], [212, 225], [213, 224], [214, 223], [215, 222], [216, 221], [255, 278], [256, 277], [257, 276], [258, 275], [259, 274], [261, 272], [262, 271], [263, 270], [264, 269], [303, 318], [312, 323], [313, 322], [314, 321]]"
tmRNA_Myco.mobi._TRW-267748_1-376,"[[1, 372], [2, 371], [3, 370], [4, 369], [5, 368], [6, 367], [7, 366], [20, 345], [21, 344], [22, 343], [23, 342], [24, 341], [25, 340], [26, 339], [27, 338], [28, 337], [29, 336], [30, 335], [32, 38], [40, 322], [41, 321], [42, 320], [43, 319], [44, 318], [45, 61], [46, 60], [47, 59], [48, 58], [49, 57], [51, 55], [70, 256], [71, 255], [72, 254], [75, 96], [76, 95], [77, 94], [88, 116], [89, 115], [90, 114], [91, 113], [145, 164], [148, 161], [149, 160], [151, 157], [168, 253], [184, 213], [222, 238], [223, 237], [224, 236], [257, 299], [258, 298], [259, 297], [260, 296], [261, 295], [262, 294], [263, 293], [264, 292], [265, 291], [266, 290], [267, 289], [272, 316], [273, 315], [274, 314], [275, 313], [276, 312], [277, 311], [278, 310], [279, 309], [280, 308], [281, 307], [282, 306], [283, 305], [284, 304], [286, 302], [287, 301], [288, 300], [349, 365], [350, 364], [351, 363], [352, 362], [353, 361]]"
RNaseP_C.jejuni,"[[1, 315], [2, 314], [3, 313], [4, 312], [5, 311], [6, 310], [7, 309], [8, 308], [9, 307], [14, 46], [16, 280], [17, 279], [18, 278], [25, 36], [35, 305], [37, 303], [38, 302], [39, 301], [41, 300], [42, 299], [43, 298], [44, 297], [45, 296], [64, 78], [65, 77], [66, 76], [67, 75], [68, 74], [69, 73], [79, 93], [80, 92], [81, 90], [82, 89], [83, 88], [95, 195], [99, 194], [100, 193], [101, 190], [102, 189], [103, 188], [111, 182], [112, 181], [113, 180], [114, 179], [119, 130], [120, 129], [121, 128], [122, 127], [143, 161], [144, 160], [146, 158], [148, 157], [149, 156], [150, 155], [159, 173], [165, 185], [167, 198], [209, 242], [210, 241], [211, 240], [212, 239], [213, 238], [214, 237], [248, 270], [249, 268], [250, 267], [251, 266], [252, 265], [253, 264], [254, 263], [255, 262], [256, 261]]"
grp1_a.I1.e.B.yamatoana.JCM2896.C1.SSU.1506,"[[7, 403], [10, 400], [11, 399], [12, 398], [13, 219], [14, 218], [26, 213], [27, 212], [28, 211], [29, 210], [30, 209], [52, 66], [72, 89], [73, 88], [74, 87], [75, 86], [77, 85], [78, 84], [83, 393], [104, 294], [105, 301], [106, 313], [108, 376], [109, 314], [111, 350], [112, 348], [114, 351], [125, 354], [128, 365], [129, 157], [130, 156], [131, 155], [132, 154], [133, 153], [134, 147], [135, 146], [136, 145], [137, 328], [138, 333], [140, 335], [141, 338], [142, 368], [143, 344], [150, 347], [167, 359], [172, 285], [173, 284], [174, 283], [175, 282], [176, 281], [177, 280], [178, 279], [179, 364], [180, 362], [181, 361], [183, 275], [184, 274], [186, 273], [188, 374], [189, 271], [190, 430], [191, 429], [192, 269], [193, 268], [194, 267], [195, 266], [196, 265], [197, 264], [203, 230], [204, 229], [205, 228], [206, 226], [207, 225], [208, 224], [214, 247], [215, 246], [220, 241], [221, 240], [222, 234], [223, 233], [235, 263], [236, 262], [237, 261], [238, 260], [239, 259], [298, 320], [299, 319], [300, 318], [302, 316], [303, 315], [334, 388], [336, 386], [339, 384], [340, 383], [341, 382], [342, 381], [356, 372], [389, 408], [390, 407], [391, 406], [392, 405], [395, 402], [396, 401], [431, 444], [432, 443], [433, 442], [434, 441], [435, 440], [445, 460], [446, 459], [447, 458], [448, 457], [449, 456], [450, 455]]"
tRNA_tdbR00000053-Bos_taurus-9913-Glu-NUC,"[[1, 68], [2, 67], [3, 66], [4, 65], [5, 64], [6, 63], [7, 62], [10, 22], [11, 21], [12, 20], [45, 61], [46, 60], [47, 59], [48, 58], [49, 57]]"
tRNA_tdbR00000122-Codium_fragile-3133-Gly-UCC,"[[1, 71], [2, 70], [3, 69], [4, 68], [5, 67], [6, 66], [7, 65], [10, 25], [11, 24], [12, 23], [13, 22], [26, 45], [27, 43], [28, 42], [29, 41], [30, 40], [31, 39], [48, 64], [49, 63], [50, 62], [51, 61], [52, 60]]"
tRNA_tdbR00000225-Synechococcus_elongatus_PCC_6301-269084-Leu-CAA,"[[1, 83], [2, 82], [3, 81], [4, 80], [5, 79], [6, 78], [7, 77], [10, 26], [11, 25], [12, 24], [28, 44], [29, 43], [30, 42], [31, 41], [32, 40], [60, 76], [61, 75], [62, 74], [63, 73], [64, 72]]"
5s_Candidatus-Phytoplasma-asteris-1,"[[1, 108], [2, 107], [3, 106], [4, 105], [5, 104], [6, 103], [7, 102], [8, 101], [14, 65], [15, 64], [16, 63], [17, 62], [18, 61], [19, 60], [20, 59], [27, 53], [29, 49], [30, 48], [31, 47], [32, 46]]"
RNaseP_U.urealyticum,"[[1, 370], [2, 369], [3, 368], [4, 367], [5, 366], [6, 365], [7, 364], [8, 363], [9, 19], [10, 18], [11, 17], [12, 361], [14, 359], [20, 37], [21, 36], [22, 35], [23, 34], [24, 33], [25, 32], [26, 31], [42, 362], [46, 358], [48, 357], [49, 356], [50, 355], [51, 354], [52, 353], [54, 237], [55, 236], [56, 78], [57, 77], [58, 75], [59, 74], [60, 73], [61, 72], [62, 71], [63, 70], [82, 112], [83, 111], [87, 106], [88, 105], [90, 265], [95, 278], [97, 276], [99, 275], [113, 159], [114, 158], [115, 157], [116, 156], [117, 155], [118, 154], [119, 153], [120, 152], [121, 151], [126, 168], [127, 167], [128, 166], [129, 165], [130, 164], [131, 163], [132, 162], [133, 161], [175, 226], [176, 225], [177, 222], [178, 221], [179, 220], [180, 219], [193, 206], [194, 205], [195, 204], [196, 203], [197, 202], [238, 263], [239, 262], [242, 259], [243, 258], [244, 257], [283, 323], [284, 322], [285, 321], [294, 315], [295, 314], [296, 313], [297, 312], [298, 311], [299, 310], [300, 309], [301, 308], [302, 307], [303, 306], [332, 345], [333, 344], [334, 343], [335, 342], [336, 341]]"
srp_Anto.locu._GSP-278021,"[[33, 43], [34, 42], [35, 41], [52, 64], [53, 63], [54, 62], [55, 61], [56, 60], [75, 121], [77, 119], [78, 118], [79, 117], [80, 116], [81, 115], [86, 110], [87, 109], [94, 103], [95, 102], [96, 101]]"
grp1_a.I1.e.D.parva.C1.SSU.943,"[[22, 308], [23, 307], [24, 239], [25, 305], [26, 304], [27, 236], [28, 235], [29, 234], [30, 233], [31, 232], [33, 230], [34, 229], [35, 228], [36, 53], [37, 52], [38, 51], [39, 50], [40, 49], [41, 48], [42, 47], [57, 82], [58, 81], [59, 80], [60, 79], [61, 78], [62, 77], [63, 76], [64, 75], [65, 74], [66, 73], [90, 276], [95, 290], [96, 291], [98, 210], [99, 209], [100, 301], [101, 302], [102, 206], [103, 118], [104, 117], [105, 116], [106, 203], [107, 202], [108, 201], [109, 200], [123, 176], [124, 175], [128, 149], [129, 148], [130, 147], [132, 145], [133, 144], [134, 143], [135, 142], [136, 141], [152, 169], [153, 168], [154, 166], [155, 165], [156, 164], [157, 163], [158, 162], [173, 183], [174, 182], [211, 249], [212, 248], [213, 247], [214, 246], [218, 243], [219, 242], [220, 241], [221, 240], [252, 297], [254, 296], [255, 295], [256, 294], [257, 293], [258, 292], [268, 285], [269, 284], [270, 283], [271, 282], [272, 281], [273, 280], [274, 279], [275, 278], [316, 356], [317, 355], [318, 354], [319, 353], [320, 352], [321, 351], [322, 350], [323, 349], [328, 343], [329, 342], [330, 341], [331, 340], [332, 339], [333, 338], [357, 380], [358, 379], [359, 378], [360, 377], [361, 376], [362, 375], [363, 374], [364, 373], [365, 372], [366, 371]]"
RNaseP_P.strasburgensis,"[[1, 314], [2, 313], [3, 312], [4, 311], [5, 310], [6, 309], [7, 308], [8, 307], [9, 306], [10, 305], [11, 304], [22, 74], [23, 73], [24, 72], [25, 71], [26, 70], [27, 69], [36, 61], [37, 60], [39, 59], [40, 57], [41, 56], [42, 55], [43, 54], [44, 53], [45, 52], [79, 301], [80, 300], [82, 299], [83, 298], [84, 99], [85, 98], [86, 97], [87, 96], [88, 95], [89, 94], [109, 122], [110, 121], [111, 120], [112, 119], [113, 118], [123, 144], [124, 143], [125, 142], [127, 140], [128, 139], [129, 138], [130, 137], [131, 136], [164, 178], [165, 177], [166, 176], [167, 175], [168, 174], [169, 173], [170, 194], [171, 193], [212, 222], [254, 286], [255, 285], [256, 284], [257, 283], [258, 282], [259, 281], [260, 280], [261, 279], [262, 277], [263, 276], [264, 275], [265, 274], [266, 273], [267, 272], [268, 271]]"
tRNA_tdbR00000440-Neurospora_crassa-5141-Thr-UGU,"[[1, 70], [2, 69], [3, 68], [4, 67], [10, 24], [11, 23], [12, 22], [13, 21], [26, 42], [27, 41], [28, 40], [29, 39], [50, 66], [51, 65], [52, 64], [53, 63], [54, 62], [55, 61]]"
tmRNA_Nitr.ocea._CP000127_1-361,"[[1, 357], [2, 356], [3, 355], [4, 354], [5, 353], [6, 352], [7, 351], [20, 330], [21, 329], [22, 328], [23, 327], [24, 326], [25, 325], [26, 324], [27, 323], [34, 317], [35, 316], [42, 306], [43, 305], [44, 304], [45, 303], [46, 302], [47, 301], [48, 65], [49, 64], [50, 63], [51, 62], [52, 61], [53, 79], [54, 78], [55, 77], [56, 76], [57, 75], [58, 74], [59, 73], [60, 70], [109, 138], [110, 137], [111, 136], [112, 135], [113, 134], [114, 133], [139, 179], [140, 178], [141, 177], [142, 176], [143, 175], [144, 174], [145, 173], [147, 170], [150, 166], [153, 164], [154, 163], [157, 193], [158, 192], [159, 191], [160, 190], [161, 189], [162, 188], [198, 238], [199, 237], [200, 236], [201, 235], [202, 234], [203, 233], [204, 232], [205, 231], [206, 230], [207, 229], [209, 241], [214, 223], [221, 240], [222, 239], [244, 280], [245, 279], [246, 278], [247, 277], [248, 276], [249, 275], [250, 274], [251, 273], [252, 272], [253, 271], [255, 269], [256, 268], [257, 267], [281, 290], [282, 289], [334, 350], [335, 349], [336, 348], [337, 347], [338, 346]]"
grp1_a.I1.e.M.caldariorum.C1.SSU.1506,"[[6, 425], [9, 49], [10, 48], [16, 42], [17, 269], [18, 268], [21, 38], [23, 437], [27, 433], [28, 432], [33, 47], [34, 46], [35, 45], [36, 44], [50, 79], [59, 70], [60, 69], [61, 68], [62, 67], [71, 102], [72, 101], [73, 100], [74, 99], [75, 96], [76, 95], [77, 94], [90, 342], [91, 343], [97, 344], [108, 125], [109, 124], [110, 123], [111, 122], [114, 321], [115, 320], [116, 315], [117, 322], [118, 323], [119, 325], [121, 341], [126, 139], [127, 138], [128, 137], [129, 136], [130, 135], [131, 362], [133, 361], [134, 144], [141, 150], [148, 331], [149, 330], [151, 328], [159, 274], [160, 273], [161, 272], [162, 271], [163, 270], [170, 265], [171, 264], [172, 263], [177, 252], [178, 251], [179, 250], [180, 249], [181, 248], [182, 247], [183, 246], [184, 244], [190, 212], [191, 211], [192, 210], [193, 209], [194, 208], [195, 207], [197, 206], [198, 205], [199, 204], [215, 232], [216, 231], [217, 229], [218, 228], [220, 227], [276, 310], [280, 306], [281, 305], [282, 304], [283, 303], [286, 301], [287, 300], [288, 299], [289, 298], [290, 297], [291, 296], [317, 367], [318, 366], [319, 365], [321, 363], [332, 355], [333, 354], [334, 353], [336, 352], [337, 351], [338, 350], [339, 349], [371, 389], [372, 388], [373, 387], [374, 386], [375, 385], [376, 384], [378, 383], [392, 436], [393, 435], [394, 434], [400, 429], [401, 428], [402, 427], [403, 426], [404, 423], [405, 422], [406, 421], [407, 420], [408, 419], [409, 418]]"
srp_Meth.ferv._M32222,"[[1, 310], [2, 309], [4, 307], [7, 59], [8, 58], [9, 57], [10, 56], [11, 29], [12, 28], [13, 27], [14, 26], [15, 25], [16, 24], [17, 23], [34, 55], [35, 54], [36, 53], [37, 52], [40, 50], [41, 49], [63, 304], [64, 303], [65, 302], [66, 301], [67, 300], [68, 299], [69, 298], [70, 297], [71, 296], [74, 293], [75, 292], [76, 291], [77, 290], [78, 289], [79, 288], [80, 287], [81, 286], [82, 285], [83, 284], [84, 283], [85, 282], [86, 281], [87, 280], [88, 279], [89, 278], [90, 277], [91, 276], [92, 275], [93, 274], [94, 273], [96, 268], [97, 267], [98, 266], [99, 265], [100, 264], [101, 263], [102, 262], [103, 261], [104, 260], [105, 259], [110, 255], [111, 254], [115, 250], [116, 249], [117, 248], [118, 247], [119, 246], [120, 245], [121, 244], [122, 240], [123, 239], [124, 238], [125, 237], [126, 236], [127, 235], [136, 174], [138, 172], [139, 171], [140, 170], [144, 167], [145, 166], [146, 165], [147, 164], [148, 163], [149, 162], [150, 161], [151, 160], [152, 159], [153, 158], [178, 224], [179, 222], [180, 221], [181, 220], [182, 219], [183, 218], [184, 217], [189, 214], [190, 213], [191, 212], [192, 211], [197, 206], [198, 205], [199, 204]]"
RNaseP_R.rubrum,"[[1, 425], [2, 424], [3, 423], [4, 394], [5, 393], [6, 392], [7, 391], [8, 426], [9, 389], [10, 388], [11, 387], [12, 422], [13, 359], [14, 358], [15, 357], [16, 418], [17, 417], [18, 416], [19, 222], [20, 221], [24, 261], [25, 260], [26, 259], [27, 258], [28, 257], [40, 405], [42, 67], [44, 65], [45, 63], [46, 62], [47, 61], [48, 60], [49, 59], [50, 58], [51, 57], [52, 56], [68, 414], [70, 412], [71, 411], [72, 410], [74, 409], [75, 408], [76, 407], [77, 406], [78, 243], [79, 242], [80, 241], [81, 240], [82, 239], [84, 322], [85, 321], [90, 320], [93, 319], [95, 318], [96, 112], [97, 111], [98, 110], [99, 109], [100, 108], [101, 107], [117, 314], [120, 292], [126, 234], [127, 233], [128, 232], [132, 231], [133, 230], [134, 227], [135, 226], [136, 225], [137, 224], [149, 173], [150, 172], [151, 169], [152, 168], [153, 167], [154, 166], [155, 165], [156, 164], [157, 163], [199, 238], [200, 237], [202, 220], [203, 219], [205, 216], [206, 215], [207, 214], [208, 213], [247, 316], [248, 315], [255, 307], [265, 282], [266, 281], [267, 280], [268, 279], [269, 278], [270, 277], [271, 276], [285, 302], [286, 301], [287, 300], [288, 299], [289, 298], [290, 297], [291, 296], [324, 343], [325, 342], [326, 341], [327, 340], [328, 339], [329, 338], [330, 337], [331, 336], [373, 384], [374, 383], [375, 382], [376, 381]]"
RNaseP_SM-A1621,"[[4, 348], [6, 346], [7, 345], [8, 344], [10, 343], [11, 342], [12, 341], [13, 340], [14, 339], [15, 190], [16, 189], [17, 188], [18, 187], [32, 46], [33, 45], [34, 44], [35, 43], [36, 42], [48, 71], [49, 70], [50, 69], [51, 68], [52, 67], [53, 66], [54, 65], [55, 64], [56, 63], [57, 62], [74, 181], [75, 180], [79, 179], [80, 178], [81, 175], [82, 174], [83, 173], [84, 172], [96, 121], [97, 120], [98, 117], [99, 116], [100, 115], [101, 114], [102, 113], [103, 112], [104, 111], [105, 110], [126, 313], [129, 147], [130, 146], [131, 145], [132, 144], [133, 143], [134, 142], [148, 170], [149, 169], [150, 168], [151, 167], [152, 165], [153, 164], [155, 162], [156, 161], [194, 263], [195, 262], [196, 261], [197, 260], [204, 254], [205, 253], [206, 252], [207, 251], [208, 250], [209, 249], [210, 248], [212, 227], [213, 226], [214, 225], [215, 224], [216, 223], [228, 247], [229, 245], [230, 244], [231, 243], [232, 242], [233, 241], [234, 240], [267, 291], [268, 290], [270, 289], [271, 288], [272, 287], [273, 286], [274, 285], [275, 284], [276, 283], [277, 282], [314, 325], [315, 324], [316, 323], [317, 322]]"
tmRNA_Dict.ther._TRW-14_1-350,"[[1, 346], [2, 345], [3, 344], [4, 343], [5, 342], [6, 341], [7, 340], [19, 319], [20, 318], [21, 317], [22, 316], [23, 315], [24, 314], [25, 313], [28, 312], [29, 311], [30, 310], [31, 309], [32, 308], [33, 307], [34, 306], [35, 305], [36, 304], [37, 303], [38, 302], [39, 301], [40, 300], [41, 299], [42, 298], [43, 294], [44, 293], [45, 292], [46, 291], [47, 290], [48, 289], [49, 66], [50, 65], [51, 64], [52, 63], [53, 62], [54, 79], [55, 78], [56, 77], [57, 76], [58, 75], [59, 74], [60, 73], [110, 129], [111, 128], [112, 127], [113, 126], [114, 125], [115, 124], [116, 123], [130, 168], [131, 167], [132, 166], [133, 165], [134, 164], [135, 163], [136, 162], [137, 161], [138, 160], [139, 159], [140, 158], [141, 157], [142, 156], [143, 155], [144, 154], [147, 182], [148, 181], [149, 180], [150, 179], [151, 178], [152, 177], [186, 210], [187, 209], [188, 208], [189, 207], [190, 206], [191, 205], [192, 204], [196, 224], [197, 223], [198, 222], [199, 221], [200, 220], [201, 219], [202, 218], [227, 266], [228, 265], [229, 264], [230, 263], [231, 262], [232, 261], [233, 260], [234, 259], [235, 258], [236, 257], [237, 256], [238, 255], [240, 253], [241, 252], [242, 251], [243, 250], [244, 285], [245, 284], [246, 283], [247, 282], [248, 281], [249, 280], [254, 279], [323, 339], [324, 338], [325, 337], [326, 336], [327, 335]]"
grp1_a.I1.e.L.dispersa.UNK.SSU.516,"[[3, 322], [4, 321], [5, 320], [10, 293], [11, 292], [12, 291], [13, 290], [14, 289], [21, 303], [23, 301], [24, 300], [30, 241], [31, 240], [32, 239], [33, 238], [45, 72], [46, 71], [47, 70], [49, 68], [50, 67], [51, 66], [52, 65], [53, 64], [54, 63], [78, 102], [79, 101], [80, 100], [81, 99], [82, 97], [83, 96], [84, 95], [106, 118], [107, 117], [108, 116], [109, 115], [110, 114], [129, 164], [130, 163], [131, 162], [132, 161], [133, 160], [134, 159], [135, 158], [136, 157], [139, 149], [140, 148], [141, 147], [210, 226], [211, 225], [212, 224], [214, 221], [215, 220], [242, 255], [243, 254], [244, 253], [245, 259], [246, 258], [247, 257], [248, 256], [249, 266], [250, 265]]"
srp_Cyan.mero._AY286123,"[[1, 81], [2, 80], [3, 79], [4, 78], [5, 77], [6, 76], [7, 75], [8, 74], [11, 70], [12, 69], [13, 68], [28, 48], [29, 47], [30, 46], [38, 57]]"
srp_Gynu.aura._SDB-109565,"[[10, 22], [11, 21], [12, 20], [14, 18], [28, 37], [29, 36], [30, 35]]"
RNaseP_LGB23,"[[6, 346], [7, 345], [8, 344], [10, 343], [11, 342], [12, 341], [13, 340], [14, 339], [15, 176], [16, 175], [17, 174], [18, 173], [20, 248], [21, 247], [22, 246], [23, 245], [24, 244], [25, 243], [26, 242], [28, 172], [29, 171], [30, 170], [31, 169], [32, 48], [33, 47], [34, 46], [35, 45], [36, 44], [37, 43], [38, 42], [49, 60], [50, 59], [51, 58], [52, 57], [62, 168], [63, 167], [64, 166], [68, 165], [69, 164], [70, 161], [71, 160], [72, 159], [87, 103], [88, 102], [89, 101], [90, 100], [91, 99], [92, 98], [93, 97], [109, 138], [115, 133], [116, 132], [117, 131], [118, 130], [119, 129], [120, 128], [134, 156], [135, 154], [136, 153], [139, 150], [140, 149], [141, 148], [142, 147], [180, 269], [181, 268], [182, 267], [183, 266], [211, 224], [212, 223], [213, 222], [214, 221], [215, 220], [276, 295], [277, 294], [278, 293], [279, 292], [280, 291], [281, 290], [282, 289], [283, 288], [311, 333], [312, 332], [315, 330], [316, 329], [317, 328], [318, 327], [319, 326], [320, 325]]"
RNaseP_R.palustris,"[[1, 479], [2, 478], [3, 477], [4, 476], [5, 475], [6, 474], [7, 473], [8, 472], [9, 471], [10, 470], [11, 23], [12, 22], [13, 21], [16, 233], [17, 232], [31, 40], [32, 39], [33, 38], [53, 466], [54, 465], [55, 464], [57, 463], [58, 462], [59, 461], [60, 460], [61, 459], [62, 287], [63, 286], [64, 285], [65, 284], [75, 283], [76, 282], [77, 281], [78, 280], [79, 95], [80, 94], [81, 93], [82, 92], [83, 91], [84, 90], [88, 306], [98, 105], [99, 104], [102, 393], [108, 174], [109, 173], [110, 278], [111, 277], [117, 310], [118, 311], [120, 309], [123, 344], [124, 336], [125, 342], [128, 343], [129, 341], [130, 340], [133, 365], [134, 363], [135, 362], [138, 359], [149, 383], [153, 353], [158, 373], [160, 189], [161, 188], [162, 375], [163, 376], [164, 185], [170, 220], [172, 177], [175, 217], [178, 214], [179, 213], [180, 212], [181, 211], [182, 210], [183, 209], [184, 208], [193, 204], [194, 203], [195, 202], [196, 201], [226, 244], [227, 243], [228, 242], [229, 241], [230, 240], [231, 239], [250, 307], [251, 260], [252, 259], [253, 304], [319, 338], [320, 335], [321, 334], [322, 333], [323, 332], [324, 331], [325, 330], [326, 329], [380, 408], [381, 407], [384, 403], [385, 402], [386, 401], [387, 400], [388, 399], [389, 398], [390, 397], [391, 396], [423, 448], [424, 447], [425, 446], [426, 445], [427, 444], [428, 443], [429, 442], [431, 440], [432, 439], [433, 438]]"
srp_Sulf.solf._Y08257,"[[1, 310], [2, 309], [3, 308], [4, 307], [5, 306], [6, 305], [7, 304], [8, 303], [9, 302], [14, 312], [15, 311], [19, 33], [20, 32], [21, 31], [22, 200], [23, 199], [24, 198], [25, 197], [26, 196], [27, 195], [28, 194], [40, 59], [41, 58], [42, 57], [43, 56], [44, 55], [45, 54], [69, 300], [70, 299], [71, 298], [72, 297], [73, 296], [74, 295], [75, 294], [76, 293], [77, 292], [78, 291], [79, 290], [80, 289], [81, 288], [82, 287], [83, 286], [85, 285], [88, 282], [89, 281], [90, 280], [91, 279], [92, 278], [93, 277], [94, 276], [95, 275], [96, 274], [97, 273], [98, 272], [99, 271], [100, 270], [137, 183], [140, 180], [141, 179], [142, 178], [143, 177], [144, 176], [145, 175], [146, 174], [147, 172], [148, 171], [149, 170], [150, 169], [151, 168], [152, 167], [153, 166], [154, 165], [155, 164], [156, 163], [157, 162], [201, 210], [202, 209], [203, 208], [228, 243], [229, 242], [230, 241], [231, 240], [232, 239], [233, 238], [234, 237]]"
tmRNA_Synt.acid._CP000252_1-356,"[[1, 352], [2, 351], [3, 350], [4, 349], [5, 348], [6, 347], [7, 346], [20, 325], [21, 324], [22, 323], [23, 322], [24, 321], [25, 320], [26, 319], [34, 313], [35, 312], [36, 311], [37, 310], [38, 309], [39, 308], [40, 307], [43, 301], [44, 300], [45, 299], [46, 298], [47, 297], [48, 296], [49, 68], [50, 67], [51, 66], [52, 65], [53, 64], [54, 83], [55, 82], [56, 81], [57, 80], [58, 79], [59, 78], [60, 77], [63, 74], [99, 129], [100, 128], [101, 127], [102, 126], [103, 125], [104, 124], [116, 133], [117, 132], [118, 131], [119, 130], [134, 173], [135, 172], [136, 171], [137, 170], [138, 169], [139, 168], [140, 167], [141, 166], [142, 165], [143, 164], [144, 163], [145, 162], [146, 161], [147, 160], [148, 159], [149, 158], [151, 187], [152, 186], [154, 184], [155, 183], [180, 256], [181, 255], [185, 198], [201, 213], [202, 212], [203, 211], [204, 210], [205, 209], [247, 264], [249, 262], [250, 261], [251, 260], [252, 259], [329, 345], [330, 344], [331, 343], [332, 342], [333, 341]]"
16s_P.occultum_domain4,"[[2, 101], [4, 98], [7, 94], [8, 93], [10, 91], [12, 88], [13, 21], [14, 86], [15, 85], [17, 83], [18, 82], [19, 81], [22, 78], [23, 77], [24, 76], [25, 75], [26, 74], [27, 73], [28, 72], [29, 71], [30, 70], [31, 69], [32, 68], [33, 67], [37, 63], [38, 62], [39, 61], [40, 60], [41, 59], [42, 58], [43, 57], [44, 56], [45, 55], [46, 54], [48, 53], [103, 126], [104, 125], [105, 124], [106, 123], [107, 122], [108, 121], [109, 120], [110, 119], [111, 118], [112, 117]]"
tmRNA_Chro.sale._CP000285_1-380,"[[1, 376], [2, 375], [3, 374], [4, 373], [5, 372], [6, 371], [7, 370], [18, 352], [20, 349], [21, 348], [22, 347], [23, 346], [24, 345], [25, 344], [26, 343], [27, 342], [33, 337], [34, 336], [35, 335], [39, 331], [40, 330], [41, 329], [42, 325], [43, 324], [44, 323], [45, 322], [46, 321], [47, 320], [49, 66], [50, 65], [51, 64], [52, 63], [53, 61], [55, 82], [56, 81], [57, 80], [58, 79], [59, 78], [60, 77], [83, 94], [84, 93], [85, 92], [86, 91], [87, 90], [95, 100], [110, 135], [111, 134], [112, 133], [113, 132], [118, 156], [119, 155], [120, 154], [124, 147], [125, 146], [126, 145], [127, 144], [128, 143], [129, 142], [130, 141], [131, 140], [159, 192], [160, 191], [161, 190], [162, 189], [165, 186], [166, 185], [167, 184], [168, 183], [169, 182], [170, 181], [171, 180], [173, 178], [211, 277], [217, 245], [218, 244], [219, 243], [220, 242], [221, 241], [222, 240], [223, 239], [224, 238], [225, 237], [230, 259], [231, 258], [232, 257], [233, 256], [234, 255], [263, 298], [264, 297], [265, 296], [266, 295], [267, 294], [269, 292], [270, 291], [271, 290], [272, 289], [274, 287], [275, 286], [276, 285], [278, 315], [280, 313], [281, 312], [282, 311], [283, 310], [284, 309], [353, 369], [354, 368], [355, 367], [356, 366], [357, 365]]"
RNaseP_C.sporogenes,"[[6, 301], [7, 300], [8, 299], [10, 298], [11, 297], [12, 296], [13, 295], [14, 173], [15, 172], [16, 171], [17, 170], [18, 169], [19, 168], [22, 219], [23, 218], [24, 217], [25, 216], [28, 167], [29, 166], [30, 165], [31, 164], [32, 46], [33, 45], [34, 44], [35, 43], [36, 42], [37, 41], [62, 163], [63, 162], [67, 161], [68, 160], [70, 156], [81, 107], [82, 106], [83, 104], [84, 103], [85, 100], [86, 99], [87, 98], [88, 97], [89, 96], [90, 95], [91, 94], [115, 127], [116, 126], [117, 125], [128, 157], [132, 152], [133, 150], [134, 149], [135, 148], [136, 147], [137, 146], [138, 145], [139, 144], [193, 208], [194, 207], [195, 206], [196, 205], [197, 204], [198, 203], [211, 228], [212, 227], [213, 226], [214, 225], [215, 224], [245, 267], [247, 266], [248, 265], [249, 264], [250, 263], [251, 262], [252, 261], [253, 260], [254, 259], [268, 285], [282, 286]]"
RNaseP_H.morrhuae,"[[1, 471], [2, 470], [3, 469], [5, 467], [6, 466], [7, 465], [8, 464], [9, 463], [10, 461], [11, 460], [13, 297], [15, 437], [16, 436], [17, 435], [18, 292], [20, 327], [21, 326], [24, 291], [25, 60], [26, 59], [27, 58], [28, 57], [29, 56], [30, 55], [31, 54], [36, 49], [37, 48], [38, 47], [39, 46], [40, 45], [51, 64], [52, 63], [53, 62], [68, 462], [70, 458], [71, 457], [72, 456], [73, 455], [77, 452], [78, 451], [79, 370], [80, 369], [81, 368], [82, 443], [83, 442], [84, 441], [85, 440], [91, 277], [93, 112], [96, 110], [97, 109], [98, 108], [99, 107], [100, 106], [101, 105], [114, 343], [117, 347], [125, 304], [130, 306], [136, 315], [146, 454], [147, 453], [150, 450], [151, 448], [152, 380], [157, 382], [161, 384], [166, 199], [167, 362], [169, 363], [170, 195], [171, 365], [172, 192], [173, 366], [174, 190], [175, 189], [176, 188], [177, 187], [178, 186], [179, 185], [180, 184], [194, 431], [196, 429], [197, 428], [208, 228], [209, 227], [210, 226], [211, 225], [212, 224], [213, 223], [214, 222], [215, 221], [216, 220], [235, 249], [236, 248], [237, 247], [238, 246], [239, 245], [240, 244], [259, 264], [267, 314], [268, 313], [272, 310], [273, 309], [274, 308], [275, 307], [279, 303], [284, 296], [285, 295], [322, 349], [323, 348], [374, 422], [386, 417], [389, 402], [390, 401], [391, 400], [392, 399]]"
tmRNA_Ther.yell._TRW-289376_1-350,"[[1, 346], [2, 345], [3, 344], [4, 343], [5, 342], [6, 341], [7, 340], [19, 319], [20, 318], [21, 317], [22, 316], [23, 315], [24, 314], [25, 313], [28, 308], [34, 305], [39, 297], [40, 296], [41, 295], [42, 294], [47, 65], [48, 64], [49, 63], [50, 62], [51, 61], [52, 60], [53, 79], [54, 78], [55, 77], [56, 76], [90, 108], [91, 107], [92, 106], [95, 103], [112, 131], [113, 130], [114, 129], [115, 128], [116, 127], [117, 126], [118, 125], [132, 169], [133, 168], [134, 167], [135, 166], [136, 165], [137, 164], [138, 162], [139, 161], [140, 160], [141, 159], [142, 158], [143, 157], [144, 156], [145, 155], [148, 183], [149, 182], [150, 181], [151, 180], [152, 179], [153, 178], [154, 177], [186, 215], [187, 213], [188, 212], [189, 211], [192, 208], [193, 207], [194, 206], [195, 205], [196, 228], [197, 227], [198, 226], [200, 225], [201, 224], [202, 223], [209, 217], [210, 216], [247, 286], [248, 285], [249, 284], [250, 283], [251, 282], [252, 281], [253, 280], [287, 304], [288, 303], [289, 302], [290, 301], [291, 300], [292, 299], [293, 298], [323, 339], [324, 338], [325, 337], [326, 336], [327, 335]]"
RNaseP_SM-A3048,"[[6, 289], [7, 288], [8, 287], [10, 286], [11, 285], [12, 284], [13, 283], [14, 282], [15, 175], [16, 174], [17, 173], [18, 172], [21, 201], [22, 200], [23, 199], [24, 198], [25, 197], [26, 196], [27, 195], [28, 167], [29, 166], [30, 165], [34, 48], [38, 44], [49, 63], [51, 60], [52, 59], [53, 58], [69, 164], [70, 163], [71, 160], [72, 159], [88, 101], [89, 100], [90, 99], [91, 98], [92, 97], [113, 131], [114, 130], [115, 129], [116, 128], [117, 127], [118, 126], [132, 156], [133, 155], [134, 153], [135, 152], [136, 151], [137, 150], [138, 149], [139, 148], [140, 147], [141, 146], [179, 228], [180, 227], [181, 226], [182, 225], [183, 224], [184, 223], [185, 222], [204, 217], [205, 216], [206, 215], [207, 214], [232, 258], [235, 254], [236, 253], [237, 252], [238, 251], [240, 249], [241, 248], [242, 247]]"
RNaseP_M.fervidus,"[[6, 243], [7, 242], [8, 241], [9, 240], [10, 239], [17, 175], [18, 174], [19, 173], [20, 172], [21, 171], [22, 170], [23, 169], [26, 165], [27, 162], [28, 161], [29, 160], [30, 159], [31, 158], [32, 157], [33, 44], [34, 43], [35, 42], [36, 41], [45, 60], [46, 59], [47, 58], [48, 57], [49, 56], [50, 55], [83, 138], [84, 137], [85, 136], [86, 135], [87, 134], [88, 133], [89, 132], [90, 131], [91, 130], [92, 129], [104, 122], [105, 121], [106, 120], [107, 119], [108, 118], [109, 117], [140, 151], [141, 150], [142, 149], [179, 200], [180, 199], [181, 198], [182, 197], [183, 196], [184, 195], [194, 227]]"
tRNA_tdbR00000321-Saccharomyces_cerevisiae-4932-Pro-UGG,"[[1, 71], [2, 70], [3, 69], [4, 68], [5, 67], [6, 66], [7, 65], [10, 24], [11, 23], [12, 22], [27, 41], [28, 40], [29, 39], [30, 38]]"
16s_M.polymorpha_domain4,"[[4, 135], [5, 134], [6, 133], [7, 132], [8, 131], [9, 130], [24, 56], [25, 55], [26, 54], [27, 53], [28, 52], [29, 51], [31, 50], [32, 49], [33, 46], [34, 45], [35, 44], [36, 43], [37, 42]]"
tRNA_tdbR00000381-Haloferax_volcanii-2246-Ser-GCU,"[[1, 84], [2, 83], [3, 82], [4, 81], [5, 80], [6, 79], [7, 78], [15, 28], [16, 27], [29, 47], [30, 46], [31, 45], [32, 44], [33, 43], [34, 42], [35, 41], [61, 77], [62, 76], [63, 75], [64, 74], [65, 73]]"
RNaseP_LGW17,"[[6, 410], [7, 409], [8, 408], [10, 407], [11, 406], [12, 405], [13, 404], [14, 403], [15, 282], [16, 281], [17, 280], [18, 279], [20, 397], [22, 315], [23, 314], [24, 313], [25, 312], [27, 278], [28, 277], [29, 276], [30, 275], [31, 274], [33, 41], [36, 42], [50, 59], [56, 65], [57, 64], [58, 63], [98, 211], [104, 150], [105, 149], [111, 142], [112, 141], [113, 140], [114, 139], [115, 138], [116, 293], [117, 294], [119, 134], [120, 133], [121, 132], [122, 131], [123, 130], [124, 129], [125, 128], [160, 171], [161, 170], [162, 169], [163, 168], [194, 214], [195, 213], [196, 212], [223, 235], [224, 234], [225, 233], [236, 267], [238, 265], [239, 262], [240, 260], [241, 259], [242, 258], [243, 257], [244, 256], [245, 255], [246, 253], [247, 252], [286, 335], [287, 334], [288, 333], [289, 332], [290, 330], [295, 326], [297, 325], [298, 324], [299, 323], [300, 322], [301, 321], [306, 320], [307, 319], [308, 318], [309, 317], [310, 316], [342, 361], [343, 360], [344, 359], [345, 358], [346, 357], [347, 356], [348, 355], [349, 354], [382, 394], [383, 392], [384, 391], [385, 390]]"
grp1_a.I1.e.S.paniceum.UNK.SSU.1506,"[[34, 242], [35, 241], [45, 234], [59, 91], [60, 90], [61, 89], [62, 88], [63, 87], [64, 86], [65, 85], [67, 84], [68, 83], [69, 82], [70, 80], [71, 79], [105, 133], [106, 132], [107, 131], [108, 130], [109, 129], [110, 128], [116, 123], [134, 149], [135, 148], [136, 147], [137, 146], [138, 145], [169, 205], [170, 204], [171, 203], [172, 202], [173, 201], [177, 197], [178, 196], [179, 194], [180, 192], [181, 191], [182, 190], [183, 189], [184, 188], [219, 240], [220, 239], [221, 238], [222, 237], [223, 236], [224, 235]]"
